num_q               	225.0     	225.0     	0.0
num_ret             	218235.0  	178376.0  	39859.0
num_rel             	1837.0    	1837.0    	0.0
num_rel_ret         	1771.0    	1714.0    	57.0
map                 	0.425     	0.375     	0.05
gm_map              	0.303     	0.253     	0.05
Rprec               	0.393     	0.355     	0.038
bpref               	0.964     	0.934     	0.03
recip_rank          	0.816     	0.769     	0.047
iprec_at_recall_0.00	0.831     	0.791     	0.04
iprec_at_recall_0.10	0.794     	0.756     	0.038
iprec_at_recall_0.20	0.695     	0.645     	0.05
iprec_at_recall_0.30	0.575     	0.521     	0.054
iprec_at_recall_0.40	0.493     	0.436     	0.057
iprec_at_recall_0.50	0.435     	0.379     	0.056
iprec_at_recall_0.60	0.345     	0.287     	0.058
iprec_at_recall_0.70	0.283     	0.23      	0.053
iprec_at_recall_0.80	0.204     	0.152     	0.052
iprec_at_recall_0.90	0.147     	0.115     	0.032
iprec_at_recall_1.00	0.132     	0.103     	0.029
P_5                 	0.452     	0.414     	0.038
P_10                	0.308     	0.285     	0.023
P_15                	0.244     	0.219     	0.025
P_20                	0.204     	0.183     	0.021
P_30                	0.154     	0.138     	0.016
P_100               	0.059     	0.056     	0.003
P_200               	0.033     	0.032     	0.001
P_500               	0.015     	0.015     	0.0
P_1000              	0.008     	0.008     	0.0
recall_5            	0.344     	0.316     	0.028
recall_10           	0.449     	0.42      	0.029
recall_15           	0.515     	0.474     	0.041
recall_20           	0.564     	0.513     	0.051
recall_30           	0.626     	0.564     	0.062
recall_100          	0.764     	0.723     	0.041
recall_200          	0.843     	0.809     	0.034
recall_500          	0.914     	0.894     	0.02
recall_1000         	0.955     	0.934     	0.021
infAP               	0.425     	0.375     	0.05
gm_bpref            	0.873     	0.841     	0.032
Rprec_mult_0.20     	0.661     	0.598     	0.063
Rprec_mult_0.40     	0.558     	0.497     	0.061
Rprec_mult_0.60     	0.483     	0.435     	0.048
Rprec_mult_0.80     	0.415     	0.382     	0.033
Rprec_mult_1.00     	0.393     	0.355     	0.038
Rprec_mult_1.20     	0.337     	0.31      	0.027
Rprec_mult_1.40     	0.312     	0.285     	0.027
Rprec_mult_1.60     	0.292     	0.269     	0.023
Rprec_mult_1.80     	0.275     	0.247     	0.028
Rprec_mult_2.00     	0.263     	0.236     	0.027
utility             	-954.191  	-777.547  	-176.644
11pt_avg            	0.449     	0.402     	0.047
binG                	0.444     	0.402     	0.042
G                   	0.399     	0.363     	0.036
ndcg                	0.653     	0.614     	0.039
ndcg_rel            	0.6       	0.564     	0.036
Rndcg               	0.548     	0.508     	0.04
ndcg_cut_5          	0.515     	0.476     	0.039
ndcg_cut_10         	0.52      	0.486     	0.034
ndcg_cut_15         	0.541     	0.498     	0.043
ndcg_cut_20         	0.557     	0.513     	0.044
ndcg_cut_30         	0.577     	0.53      	0.047
ndcg_cut_100        	0.614     	0.573     	0.041
ndcg_cut_200        	0.63      	0.592     	0.038
ndcg_cut_500        	0.644     	0.607     	0.037
ndcg_cut_1000       	0.652     	0.614     	0.038
map_cut_5           	0.302     	0.267     	0.035
map_cut_10          	0.353     	0.313     	0.04
map_cut_15          	0.377     	0.331     	0.046
map_cut_20          	0.39      	0.341     	0.049
map_cut_30          	0.403     	0.352     	0.051
map_cut_100         	0.418     	0.368     	0.05
map_cut_200         	0.423     	0.373     	0.05
map_cut_500         	0.424     	0.375     	0.049
map_cut_1000        	0.425     	0.375     	0.05
relative_P_5        	0.496     	0.456     	0.04
relative_P_10       	0.48      	0.448     	0.032
relative_P_15       	0.522     	0.48      	0.042
relative_P_20       	0.567     	0.516     	0.051
relative_P_30       	0.627     	0.564     	0.063
relative_P_100      	0.764     	0.723     	0.041
relative_P_200      	0.843     	0.809     	0.034
relative_P_500      	0.914     	0.894     	0.02
relative_P_1000     	0.955     	0.934     	0.021
success_1           	0.747     	0.68      	0.067
success_5           	0.907     	0.88      	0.027
success_10          	0.947     	0.916     	0.031
set_P               	0.009     	0.011     	-0.002
set_relative_P      	0.964     	0.934     	0.03
set_recall          	0.964     	0.934     	0.03
set_map             	0.008     	0.01      	-0.002
set_F               	0.017     	0.021     	-0.004
num_nonrel_judged_ret	0.0       	0.0       	0.0
